version: 1
creator: callgrind-3.7.0
pid: 19131
cmd:  ./sort array 100000
part: 1


desc: I1 cache: 16384 B, 64 B, 4-way associative
desc: D1 cache: 16384 B, 64 B, 4-way associative
desc: LL cache: 262144 B, 64 B, 8-way associative

desc: Timerange: Basic block 0 - 874700000
desc: Trigger: Program termination

positions: line
events: Ir Dr Dw I1mr D1mr D1mw ILmr DLmr DLmw
summary: 1928872742 177380663 1634346 1076 10924566 17330 818 10545 13596


ob=(4) /lib/arm-linux-gnueabihf/libc-2.28.so
fl=(4) ???
fn=(314) malloc_hook_ini
0 19 5 6 1 1 0 1
cfn=(230) __aeabi_read_tp
calls=1 0 
0 4
0 17 6 0 1 1 0 1 1
cfn=(330) _int_malloc
calls=1 0 
0 308 76 57 11 1 1 10 1 1
0 14 2 0 2 0 0 2
cfn=(328) tcache_init.part.4
calls=1 0 
0 581 130 162 45 11 6 44 8 6
0 16 11 3 4 2 0 3 1
cfn=(316) ptmalloc_init
calls=1 0 
0 61261 15035 581 35 906 29 24 615 17

fn=(338) brk
0 32 12 8 2 1 0 2

fn=(226) rindex
0 10 1 0 2 1 0 2
cfn=(227) rindex'2
calls=1 0 
0 56 11 4 2 1 0 1 1

fn=(227)
0 20 4
cfn=(227)
calls=4 0 
0 154 34 16 8 4 0 4 4
0 36 7 4 2 1 0 1 1

fn=(318) _dl_addr
0 3 2 0 0 1
cfn=(230)
calls=1 0 
0 4 0 0 1
0 657 5 258 2 2 20 2 0 17
cob=(1) /lib/arm-linux-gnueabihf/ld-2.28.so
cfi=(1) ???
cfn=(50) __tunable_get_val
calls=1 0 
0 395 139 45 7 18 1 4 1
cob=(1)
cfi=(1)
cfn=(254) _dl_runtime_resolve
calls=1 0 
0 1145 354 122 3 64 5 0 1
0 7 3 1 0 2
0 21 6 11 3 3 0 2 1
cob=(1)
cfi=(1)
cfn=(36) rtld_lock_default_lock_recursive
calls=1 0 
0 4 1 1 1 1
0 2
cob=(1)
cfi=(1)
cfn=(38) rtld_lock_default_unlock_recursive
calls=1 0 
0 7 10 1 1 1
cob=(1)
cfi=(1)
cfn=(324) _dl_find_dso_for_object
calls=1 0 
0 54 23 6 3 2 0 3 1
cob=(1)
cfi=(1)
cfn=(254)
calls=1 0 
0 1208 372 122 0 25 2 0 2
0 57726 14109 8 10 783 1 9 606

fn=(319) _dl_addr'2
0 3 9

fn=(328)
0 3 1 4 1 1 0 1 1
cfn=(230)
calls=1 0 
0 4
0 22 4 2 1 0 0 1
cfn=(330)
calls=1 0 
0 407 118 74 39 10 2 38 7 2
0 12 2 1 1 0 0 1
cfn=(230)
calls=1 0 
0 4
0 8 5 1
cfn=(340) memset
calls=1 0 
0 121 0 80 3 0 4 3 0 4

fn=(266) __new_exitfn
0 36 12 9 5 3 0 5 2

fn=(282) __sigsetjmp
0 21 8 18 2 2 0 1 2
cfn=(284) __sigjmp_save
calls=1 0 
0 7 2 3 1

fn=(306) srandom_r
0 519 11 42 4 3 2 4 1 2
cfn=(308) random_r
calls=1 0 
0 26 10 7 2 0 0 2
0 927
cfn=(308)
calls=309 0 
0 8004 3090 2163
0 627 10

fn=(312) malloc
0 11 10 6 2 3 0 2 1
cfn=(314)
calls=1 0 
0 62220 15265 809 99 922 36 85 626 24

fn=(222) _dl_vdso_vsym
0 40 24 8 4 2 0 3 1

fn=(296) strtol
0 5 1 3 1 1 0 1
cfn=(230)
calls=1 0 
0 4
0 6 2 1
cfn=(298) ____strtol_l_internal
calls=1 0 
0 213 36 17 12 4 0 12 2
0 2 3

fn=(308)
0 2598355 1003100 702170 2 3 0 2

fn=(330)
0 94 11 31 6 1 0 6 1
cfn=(230)
calls=2 0 
0 8
0 218 55 31 13 1 0 13 1
cfn=(332) sysmalloc
calls=2 0 
0 383 124 69 31 8 3 29 5 3
0 12 4 0 0 1 0 0 1

fn=(260) (below main)
0 25 5 11 2 2 0 2 1
cfn=(262) __cxa_atexit
calls=1 0 
0 86 28 22 9 5 0 9 3
0 15 10 0 1 0 0 1
cob=(6) /home/pi/Documents/hpc20_student/lab04/code/src/sort
cfi=(6) ???
cfn=(268) __libc_csu_init
calls=1 0 
0 1928722063 177341598 1618438 155 10922836 17069 127 9574 13432

fn=(264) __internal_atexit
0 26 5 8 2 1 0 2 1
cfn=(266)
calls=1 0 
0 36 12 9 5 3 0 5 2
0 21 10 5 1 0 0 1

fn=(342) mmap
0 15 6 4 2 0 0 2

fn=(234) check_stdfiles_vtables
0 20 11 0 2 3 0 2

fn=(316)
0 25 9 6 4 4 0 4 3
cfn=(318)
calls=1 0 
0 61233 15024 575 31 902 29 20 612 17
0 3 2

fn=(317) ptmalloc_init'2
0 5 2 0 0 1
cob=(1)
cfi=(1)
cfn=(51) __tunable_get_val'2
calls=1 0 
0 359 127 41 3 15 1 3 1
0 3 1
0 5 2 0 0 1
cob=(1)
cfi=(1)
cfn=(51)
calls=1 0 
0 324 115 37 3 12 1 3 1
0 3 1
0 5 2 0 1 2 0 1
cob=(1)
cfi=(1)
cfn=(51)
calls=1 0 
0 288 103 33 2 9 1 2 1
0 3 1
0 5 2 0 0 1
cob=(1)
cfi=(1)
cfn=(51)
calls=1 0 
0 253 91 29 2 6 1 2 1
0 3 1
0 5 2
cob=(1)
cfi=(1)
cfn=(51)
calls=1 0 
0 218 79 25 2 5 1 2 1
0 3 1
0 5 2 0 1 0 0 1
cob=(1)
cfi=(1)
cfn=(51)
calls=1 0 
0 182 67 21 1 5 1 1 1
0 3 1
0 5 2
cob=(1)
cfi=(1)
cfn=(51)
calls=1 0 
0 147 55 17 1 4 1 1 1
0 3 1
0 5 2
cob=(1)
cfi=(1)
cfn=(51)
calls=1 0 
0 112 43 13 1 3 1 1 1
0 3 1
0 5 2 0 1 0 0 1
cob=(1)
cfi=(1)
cfn=(51)
calls=1 0 
0 77 31 9 0 2 1 0 1
0 3 1
0 5 2
cob=(1)
cfi=(1)
cfn=(51)
calls=1 0 
0 42 19 5 0 2 1 0 1
0 3 1
0 15 10 1 0 1 1 0 1

fn=(340)
0 121 0 80 3 0 4 3 0 4

fn=(348) random
0 2301032 700172 500172 2 2 0 2 1
cfn=(308)
calls=100000 0 
0 2590325 1000000 700000 0 3
0 1700000 800000 100000 1 0 0 1

fn=(224) __init_misc
0 5 1 4 1 1 0 1 1
cfn=(225) __init_misc'2
calls=1 0 
0 82 22 6 5 3 1 3 1

fn=(225)
0 3 1
cfn=(225)
calls=1 0 
0 79 21 6 5 3 1 3 1
0 3
cfn=(226)
calls=1 0 
0 66 12 4 4 2 0 3 1
0 10 9 2 1 1 1

fn=(284)
0 7 2 3 1

fn=(334) __default_morecore
0 4 0 4 1 0 0 1
cfn=(336) sbrk
calls=2 0 
0 78 31 16 6 4 0 5 2
0 6 4

fn=(346) rand
0 100000 0 0 1 0 0 1
cfn=(348)
calls=100000 0 
0 6591357 2500172 1300172 3 5 0 3 1

fn=(290) strcmp
0 6 2 0 1 1 0 1 1
cfn=(291) strcmp'2
calls=1 0 
0 30 10

fn=(291)
0 28 10
cfn=(291)
calls=4 0 
0 60 20
0 2

fn=(220) _init
0 86 22 14 5 7 4 5 4 3
cfn=(222)
calls=1 0 
0 20 12 4 4 2 0 3 1
0 11 5 1 1 0 0 1
cfn=(222)
calls=1 0 
0 20 12 4
0 9 3 1 1 1
cfn=(224)
calls=1 0 
0 87 23 10 6 4 1 4 2
0 1
cfn=(228) __ctype_init
calls=1 0 
0 26 14 4 5 2 0 4 1
0 2 6

fn=(228)
0 3 1 1 2 1 0 2 1
cfn=(230)
calls=1 0 
0 4 0 0 2 0 0 2
0 19 13 3 1 1

fn=(230)
0 18 0 0 2 0 0 1
cob=(2) ???
cfi=(2) ???
cfn=(232) 0xffff0fe0
calls=9 0 
0 18 0 0 1 0 0 1

fn=(280) _setjmp
0 2 0 0 1 0 0 1
cfn=(282)
calls=1 0 
0 28 10 21 3 2 0 1 2

fn=(298)
0 213 36 17 12 4 0 12 2

fn=(332)
0 195 64 37 15 4 2 15 3 2
cfn=(334)
calls=1 0 
0 65 23 14 7 3 0 6 2
0 53 12 3 4 0 0 4
cfn=(334)
calls=1 0 
0 23 12 6 0 1
0 30 7 5 3 0 1 2 0 1
cfn=(342)
calls=1 0 
0 15 6 4 2 0 0 2
0 2

fn=(336)
0 37 14 8 3 3 0 3 2
cfn=(338)
calls=1 0 
0 16 6 4 2 1 0 2
0 5 1 0 1
cfn=(338)
calls=1 0 
0 16 6 4
0 4 4

fn=(262)
0 3 1 0 1 1 0 1
cfn=(264)
calls=1 0 
0 83 27 22 8 4 0 8 3

fn=(304) srand
0 23 4 4 2 2 0 2 2
cfn=(306)
calls=1 0 
0 10103 3121 2212 6 3 2 6 1 2
0 10 4 1
cob=(6)
cfi=(9) /home/pi/Documents/hpc20_student/lab04/code/src/array_util.c
cfn=(301) array_init'2
calls=1 15 
0 7555779 2616092 1501257 114 968 12536 91 630 12524

ob=(6)
fl=(9)
fn=(300) array_init
fi=(7) /home/pi/Documents/hpc20_student/lab04/code/src/sort.c
57 2
+3 1
cfi=(9)
cfn=(350) array_sort
calls=1 -35 
* 1921152476 174721306 114496 2 10921815 4528 2 8919 906
fe=(9)
-46 5 1 4 1 1 0 1 1
cob=(4)
cfi=(4)
cfn=(304)
calls=1 -14 
* 7565915 2619221 1503474 122 973 12538 99 633 12526
cob=(1)
cfi=(1)
cfn=(254)
calls=1 -14 
* 1061 317 134 0 11 0 0 5
* 7 3 1

fn=(301)
15 2
cob=(4)
cfi=(4)
cfn=(346)
calls=100000 -15 
* 6691357 2500172 1300172 4 5 0 4 1
cob=(4)
cfi=(4)
cfn=(312)
calls=1 -15 
* 62231 15275 815 101 925 36 87 627 24
cob=(1)
cfi=(1)
cfn=(254)
calls=2 -15 
* 2170 636 268 7 35 0 0 1
* 800019 100009 200002 2 3 12500 0 1 12500

fn=(350)
25 2
cfn=(351) array_sort'2
calls=1 * 
* 1921152474 174721306 114496 2 10921815 4528 2 8919 906

fn=(351)
25 7246
cfn=(351)
calls=3623 * 
* 3435647605150 312328620386 26259504 0 19524024833 8204736 0 2614 1639861
* 10872 0 14496 1 0 4528 1 0 906
+2 10872 3624 0 0 1 0 0 1
+2 7248
+7 524003046 174667682 0 0 10918881 0 0 8865
-3 349285364 50000 50000 0 2933 0 0 53
+1 100000 0 50000
+4 150000
-5 174567682
+1 174567682
* 174567681
+4 523853043 0 0 1 0 0 1
+2 21738
cfn=(351)
calls=3623 -15 
* 3435647612396 312328620386 26259504 0 19524024833 8204736 0 2614 1639861

fl=(6)
fn=(248) 0x000105d4
0 11 4 3 1 1 0 1 1
cob=(4)
cfi=(4)
cfn=(260)
calls=1 0 
0 1928722189 177341641 1618471 167 10922843 17069 139 9578 13432
cob=(1)
cfi=(1)
cfn=(254)
calls=1 0 
0 1392 370 142 10 20 3 8 4 2
0 7 3 1 2 2 0 2

fn=(268)
0 10 2 8 1 1 0 1 1
cob=(2)
cfi=(2)
cfn=(270) 0x00010434
calls=1 0 
0 29 16 2 5 3 0 2 1
0 10 4 0 1 0 0 1
fi=(4)
cob=(4)
cfi=(4)
cfn=(280)
calls=1 0 
0 30 10 21 4 2 0 2 2
0 3
fi=(4)
cob=(4)
cfi=(4)
cfn=(230)
calls=1 0 
0 4
0 14 9 3 1 1 0 1
fi=(4)
cfi=(7)
cfn=(286) main
calls=1 34 
0 1928721963 177341557 1618404 143 10922829 17069 120 9570 13432
fe=(6)

fn=(269) __libc_csu_init'2
0 7 1 0 0 1
cfn=(276) 0x000106c0
calls=1 0 
0 11 10 0 2 1 0 2 1

fn=(272) 0x00010610
0 6 3 0 1 1
cob=(2)
cfi=(2)
cfn=(274) 0x0001043c
calls=1 0 
0 1 2

fn=(276)
0 11 10 0 2 1 0 2 1

fl=(7)
fn=(286)
34 4 0 4 1 0 0 1
+5 4 2 0 1 1 0 1
cfi=(9)
cfn=(300)
calls=1 -25 
* 1928719467 177340848 1618109 125 10922800 17066 102 9558 13432
cob=(4)
cfi=(4)
cfn=(296)
calls=1 -39 
* 230 42 21 13 5 0 13 2
cob=(4)
cfi=(4)
cfn=(290)
calls=1 -39 
* 36 12 0 1 1 0 1 1
cob=(1)
cfi=(1)
cfn=(254)
calls=2 -39 
* 2200 646 268 0 22 3 0 9
* 22 7 2 2 0 0 2

ob=(2)
fl=(2)
fn=(236) 0x04844374
0 3 1
fi=(1)
cob=(1)
cfi=(1)
cfn=(209) call_init.part.0'2
calls=1 0 
0 28 16 0 2 2 0 2 1
0 2 0 2 1
cob=(5) /usr/lib/arm-linux-gnueabihf/libarmmem-v7l.so
cfi=(5) ???
cfn=(238) 0x000003ac
calls=1 0 
0 7 5 0 2 2 0 1 1

fn=(232)
0 34 0 0 1 0 0 1

fn=(210) 0x048323b4
0 3 1
fi=(1)
cob=(1)
cfi=(1)
cfn=(209)
calls=1 0 
0 28 16 0 4 2 0 3 1
0 2 0 2 1
cob=(3) /usr/lib/valgrind/vgpreload_core-arm-linux.so
cfi=(3) ???
cfn=(212) 0x000003f8
calls=1 0 
0 7 5 0 2 2 0 1 1

fn=(240) 0x0484437c
0 1 2

fn=(270)
0 2 0 2 1
cob=(6)
cfi=(6)
cfn=(272)
calls=1 0 
0 7 5 0 1 1
0 2 0 0 1
fi=(6)
cob=(6)
cfi=(6)
cfn=(269)
calls=1 0 
0 18 11 0 2 2 0 2 1
fe=(2)

fn=(274)
0 1 2

fn=(214) 0x048323bc
0 1 2

ob=(3)
fl=(3)
fn=(212)
0 6 3 0 2 2 0 1 1
cob=(2)
cfi=(2)
cfn=(214)
calls=1 0 
0 1 2

fn=(216) 0x00000518
0 11 3 0 2 1 0 1 1
cob=(1)
cfi=(1)
cfn=(209)
calls=1 0 
0 3 8
0 1 0 0 1 0 0 1

ob=(1)
fl=(1)
fn=(6) _dl_sysdep_start
0 460 125 45 16 11 7 14 9 7
cfn=(8) __GI___tunables_init
calls=1 0 
0 18289 3517 62 7 33 1 7 33 1
0 3
cfn=(10) brk
calls=1 0 
0 14 2 2 2 1 1 2 1 1
0 8 2 0 1 1 0 1 1
cfn=(14) sbrk
calls=1 0 
0 16 8 4 2 1 0 2 1
0 16 5
cfn=(16) dl_main
calls=1 0 
0 128565 34423 15412 794 1569 236 578 860 142
0 1 0 0 1 0 0 1
cfn=(12) strlen
calls=1 0 
0 22 4 0 3 0 0 3
0 2 0 1

fn=(32) memcpy
0 920 292 364 5 3 9 4 1 9
cfn=(23) _dl_new_object'2
calls=3 0 
0 1049 279 121 12 3 8 1 3 8
0 48 72
cfn=(147) _dl_map_object_deps'2
calls=1 0 
0 2487 648 331 25 16 2 15 4 2
cfn=(23)
calls=1 0 
0 116 17 27 6 1 3 6 1 3
0 1024 135 104 9 0 2 8 0 2

fn=(33) memcpy'2
0 286 114 114 0 0 3 0 0 3
cfn=(147)
calls=1 0 
0 374 83 48 9 1 0 8
cfn=(147)
calls=2 0 
0 2191 571 311 33 9 3 30 4 3

fn=(40) strcmp
0 1920 640 0 1 69 0 1 16
cfn=(41) strcmp'2
calls=163 0 
0 8442 2800 0 2 13 0 1 9
0 314

fn=(41)
0 8116 2800 0 0 13 0 0 9
cfn=(41)
calls=1237 0 
0 41162 13710 0 12 101 0 4 73
0 326 0 0 2 0 0 1

fn=(74) _dl_debug_state
0 2

fn=(118) __fxstat64
0 45 5 5 2 0 1 2 0 1

fn=(182) _dl_relocate_object
0 21 7 1 1 2
cfn=(183) _dl_relocate_object'2
calls=1 0 
0 19338 5584 2416 59 265 19 26 44 3
0 10 3 0 1 2
cfn=(194) _dl_add_to_slotinfo
calls=1 0 
0 17 12 8 3 2 0 3
0 52 12 16 5 1 0 5 1
cfn=(80) memset
calls=1 0 
0 40 0 8
0 239 69 26 5 5 0 5 1
cfn=(80)
calls=1 0 
0 40 0 8
0 106 38 14 5 3 0 5
cfn=(192) _dl_protect_relro
calls=1 0 
0 29 17 3 2 2 0 2 1
0 5120 1204 600 8 140 0 8 128
cfn=(184) _dl_lookup_symbol_x
calls=70 0 
0 50399 14639 5990 38 589 71 38 211
0 10421 3267 1501 17 289 2 17 280

fn=(183)
0 44 14 2 1 1
cfn=(183)
calls=2 0 
0 29493 8495 3601 82 384 35 40 68 6
0 30 11 1 4 1 0 2
cfn=(196) _dl_allocate_tls_init
calls=1 0 
0 175 46 49 6 5 2 6 2 2
0 18 7 0 1 2 0 1
cfn=(198) _dl_sysdep_start_cleanup
calls=1 0 
0 1 0 0 1
0 8 2 0 1 0 0 1
cfn=(70) _dl_debug_initialize
calls=1 0 
0 13 4 0 3 2
0 3 0 1
cfn=(74)
calls=1 0 
0 1
0 1
cfn=(200) _dl_unload_cache
calls=1 0 
0 20 15 4 3 3 0 0 1
0 9 2 1 1 0 0 1
cfn=(183)
calls=1 0 
0 11093 3189 1281 16 134 13 1 26
0 205 48 64 0 6
cfn=(80)
calls=4 0 
0 160 0 32
0 525 152 71 0 11 0 0 1
cfn=(80)
calls=4 0 
0 160 0 32
0 412 148 54 0 7
cfn=(192)
calls=4 0 
0 116 68 12
0 1318 317 166 2 37 0 0 5
cfn=(184)
calls=18 0 
0 12958 3849 1516 10 158 14 0 29
0 398 94 36 4 0 0 2
cfn=(32)
calls=1 0 
0 26 8 8 1
0 410 105 55 6 6 2 6 1 1
cfn=(184)
calls=4 0 
0 2091 642 278 4 23 1 1 2
0 236 52 34 11 3 0 6 3

fn=(184)
0 12622 2920 2300 5 97 7 5 88
cfn=(186) do_lookup_x
calls=100 0 
0 58104 16757 6295 50 788 90 30 173 2
0 3130 1820 101 4 19 0 4

fn=(12)
0 2069 458 0 2 5 0 2 4
cfn=(47) _dl_init_paths'2
calls=1 0 
0 1071 258 133 29 3 3 28 3 3
0 88 0 0 1 0 0 1

fn=(13) strlen'2
0 132 30

fn=(20) bcmp
0 890 329 141 29 8 2 13 7 2

fn=(36)
0 20 5 5 2 1

fn=(42) _dl_discover_osversion
0 19 7 1 3 1 0 3 1
cfn=(46) _dl_init_paths
calls=1 0 
0 126864 33970 15213 719 1537 221 506 831 127
0 10 2 9 2 1 0 2 1
cfn=(44) uname
calls=1 0 
0 81 18 1 3 1 1 3 1 1

fn=(98) map_doit
0 24 6 8 1
cfn=(100) _dl_map_object
calls=2 0 
0 14693 3031 1161 188 73 40 132 63 40
0 22 10 8 1 0 1 1

fn=(104) open_verify.constprop.11
0 304 76 209 2 1 0 2 1
cfn=(106) __open64_nocancel
calls=19 0 
0 476 92 92 5 1 2 2 1 2
0 90 3 6 2 0 0 1
cfn=(108) __read_nocancel
calls=3 0 
0 21 3 3 3 0 0 1
0 48 6 3 1 0 0 1
cfn=(20)
calls=3 0 
0 207 75 27 2
0 51 15 0 1 1 0 1 1
cfn=(20)
calls=3 0 
0 186 69 27
0 297 71 24 8 6 0 5 5
cfn=(20)
calls=1 0 
0 50 17 9
0 12 0 0 1 0 0 1
cfn=(20)
calls=3 0 
0 123 51 33 12 3 0 6 3
0 33 11 0 2 0 0 1
cfn=(68) free
calls=3 0 
0 27 45 12 2
0 9 3 0 1
0 102 0 17 2 0 0 1
cfn=(110) check_arm_attributes_hfabi.constprop.12
calls=17 0 
0 12779 1927 476 32 40 6 15 31 6
0 442 269 15 6 2 0 5 1
cfn=(116) _dl_map_object_from_fd
calls=2 0 
0 3257 903 456 85 20 23 55 19 23
0 18 5 7 0 1
cfn=(116)
calls=1 0 
0 1761 436 341 33 10 19 2 8 19
0 16 3 1 1 0 0 1

fn=(134) strncmp
0 220 52 16 4 0 1 4 0 1

fn=(136) _dl_get_origin
0 1
cfn=(12)
calls=1 0 
0 105 25
0 11 2
cfn=(59) expand_dynamic_string_token'2
calls=1 0 
0 4 6
cfn=(30) malloc
calls=1 0 
0 26 8 6
0 5 1
0 63 7 6 5 1 0 5 1
cfn=(52) mempcpy
calls=1 0 
0 51 28 24 1
cfn=(30)
calls=1 0 
0 26 8 6
0 8 1

fn=(137) _dl_get_origin'2
0 6 5 1 1

fn=(152) __xstat64
0 234 31 31 1 1 0 1

fn=(160) __libc_scratch_buffer_set_array_size
0 51 15 12 2 0 0 2

fn=(170) _dl_check_map_versions
0 72 20 19 4 3 2 4 2
cfn=(102) _dl_name_match_p
calls=4 0 
0 193 65 16 1
0 84 31 4 6 1 0 6 1
cfn=(40)
calls=1 0 
0 60 20 0 0 1 0 0 1
0 21 4 0 3 0 0 3
cfn=(26) calloc
calls=1 0 
0 42 13 10
0 50 27 7 3 2 0 3 1
0 14 2
cfn=(171) _dl_check_map_versions'2
calls=2 0 
0 2160 735 240 3 28 9 3 19 9
0 10 2

fn=(171)
0 184 49 66 0 5 0 0 2
cfn=(102)
calls=9 0 
0 504 168 36
0 231 81 10 0 6 0 0 2
cfn=(40)
calls=3 0 
0 204 68 0 0 3 0 0 3
0 289 82 1 1 12 0 1 12
cfn=(26)
calls=3 0 
0 126 39 30
0 587 236 96 2 2 9 2 0 9
0 18 3 1
cfn=(171)
calls=2 0 
0 1781 611 203 2 25 9 2 18 9
0 17 9

fn=(0) 0x00000a30
0 4 2 0 1 1 0 1 1
cfn=(2) _dl_start
calls=1 0 
0 1928872738 177380661 1634346 1075 10924565 17330 817 10544 13596

fn=(72) _dl_count_modids
0 7 3 0 1 1 0 1 1

fn=(100)
0 296 64 57 10 2 4 4 2 4
cfn=(102)
calls=16 0 
0 958 314 64 5 4 1 2 0 1
0 144 40 0 2 4 0 1
cfn=(40)
calls=4 0 
0 44 12
0 20
cfn=(40)
calls=4 0 
0 44 12 0 0 1 0 0 1
0 65 30 6 4 0 1 2 0 1
cfn=(62) index
calls=3 0 
0 78 12
0 16 0 0 1 0 0 1
cfn=(58) expand_dynamic_string_token
calls=2 0 
0 1835 425 195 28 7 4 24 3 4
0 28 2 8 1 0 0 1
cfn=(104)
calls=2 0 
0 12209 2432 910 142 61 30 97 57 30
0 2 0 0 1 0 0 1
cfn=(12)
calls=1 0 
0 46 10
0 28 6 6 2 0 0 2
cfn=(150) open_path
calls=1 0 
0 3789 1066 707 18 3 5 13 1 5
0 46 10 6 6 0 0 6
cfn=(154) _dl_load_cache_lookup
calls=1 0 
0 9002 1719 723 98 51 19 27 36 19
0 27 11 1 4 1 0 4 1

fn=(146) _dl_map_object_deps
0 124 36 12 7 1 0 6 1
cfn=(164) _dl_receive_error
calls=1 0 
0 89399 25922 11289 196 1348 125 154 698 33
0 125 24 46 10 3 0 10 1
cfn=(92) _dl_catch_exception
calls=1 0 
0 16226 3658 1868 171 78 26 78 42 26
0 3 1
0 7 2 0 1 0 0 1
cfn=(60) _dl_dst_count
calls=1 0 
0 66 16 6 2 1 0 0 1
0 12 2 0 1 0 0 1

fn=(147)
0 50 11 3 0 1
cfn=(33)
calls=3 0 
0 82 26 26
0 100 37 24 0 4
cfn=(33)
calls=2 0 
0 2247 589 329 33 9 3 30 4 3
cfn=(30)
calls=2 0 
0 52 16 12
cfn=(93) _dl_catch_exception'2
calls=2 0 
0 797 253 124 4 4
0 455 61 13 1 2 1 0 0 1
0 14 4
cfn=(60)
calls=2 0 
0 194 45 16 4 3 0 0 3
0 31 7 1 3 0 0 3
cfn=(33)
calls=1 0 
0 408 95 60 9 1 0 8
cfn=(30)
calls=1 0 
0 26 8 6
0 97 31 16 3 1 1 3 1 1
0 52 22 0 1 1 0 1
cfn=(160)
calls=2 0 
0 34 10 8
0 13 3 0 1 0 0 1
cfn=(162) _dl_sort_maps
calls=1 0 
0 353 70 45 7 0 0 6
0 47 14 7 1 0 0 1

fn=(150)
0 44 15 19 3 1 2 3 1 2
cfn=(52)
calls=1 0 
0 35 15 15 0 1 2 0 0 2
0 257 117 2 2 0 0 2
cfn=(52)
calls=16 0 
0 750 153 141 2 0 0 1
0 48 32
cfn=(52)
calls=16 0 
0 776 160 144
0 240 96 64 1 0 0 1
cfn=(104)
calls=16 0 
0 784 288 256 4 0 1 0 0 1
0 487 142 19 4 0 0 4
cfn=(152)
calls=16 0 
0 234 31 31 1 1 0 1
0 134 17 16 1 0 0 1

fn=(206) _dl_init
0 3 1
cob=(6)
cfi=(6)
cfn=(248)
calls=1 0 
0 1928723599 177342018 1618617 180 10922866 17072 150 9583 13434
0 16 5 8 3 1 0 3 1
cfn=(208) call_init.part.0
calls=1 0 
0 569 240 88 40 38 5 30 12 3

fn=(207) _dl_init'2
0 15 8
cfn=(207)
calls=2 0 
0 141 82 29 5 9 0 3 2
0 34 15
cfn=(209)
calls=4 0 
0 930 403 152 58 60 10 44 20 6
0 2

fn=(30)
0 551 113 114 6 3 1 4 1 1
cfn=(120) mmap
calls=1 0 
0 15 5 3 2 0 0 2
0 220 118 58 3 0 0 1

fn=(52)
0 120 0 80 0 0 1 0 0 1
cfn=(33)
calls=3 0 
0 114 58 58 0 0 3 0 0 3
cfn=(32)
calls=37 0 
0 1505 311 283 2 3 4 1 1 4
0 80 80
cfn=(137)
calls=1 0 
0 6 5 1 1
cfn=(23)
calls=3 0 
0 314 85 6 2
cfn=(55) fillin_rpath'2
calls=1 0 
0 126 32 32 4 1 0 3 1
cfn=(49) _dl_important_hwcaps'2
calls=1 0 
0 1028 215 166 9 0 2 9 0 2

fn=(53) mempcpy'2
0 33 0 22
cfn=(32)
calls=11 0 
0 149 69 69 3 0 0 3
0 22 22

fn=(64) strdup
0 9 0 12 2 0 0 1
cfn=(12)
calls=2 0 
0 204 48
cfn=(13)
calls=1 0 
0 66 15
0 9
cfn=(65) strdup'2
calls=3 0 
0 12 12
cfn=(30)
calls=3 0 
0 78 24 18 3 2
0 15 3
0 104 51 51 0 0 1 0 0 1

fn=(65)
0 12 12

fn=(68)
0 12 27
cfn=(56) strsep
calls=1 0 
0 15 16 5
0 25 24 16 3 1 0 1 1

fn=(116)
0 33 3 39 4 0 0 2
cfn=(70)
calls=3 0 
0 39 12 0 3
0 15 0 3
cfn=(118)
calls=3 0 
0 27 3 3 2 0 1 2 0 1
0 255 114 24 11 2 0 5 2
cfn=(23)
calls=3 0 
0 4637 1180 728 98 28 41 48 25 41
0 12 27

fn=(172) init_tls
0 12 3 7 2 1 0 1 1
cfn=(174) _dl_determine_tlsoffset
calls=1 0 
0 597 69 352 16 3 21 13 3 21
cfn=(26)
calls=1 0 
0 42 13 10
0 67 13 4 1 3 0 1 1
0 89 35 10 5 4 1 5 2
cfn=(182)
calls=1 0 
0 85832 24852 10591 144 1300 92 109 666 3
0 9 2 2 1 0 0 1

fn=(173) init_tls'2
0 1
cfn=(178) _dl_allocate_tls_storage
calls=1 0 
0 517 47 335 7 2 21 5 2 21

fn=(34) _dl_add_to_namespace_list
0 36 8 16 1 2 0 1
cfn=(36)
calls=4 0 
0 16 4 4 1
0 134 40 21 1 0 0 1
cfn=(38)
calls=3 0 
0 12 3 3
0 22 9 5 1 0 0 1
cfn=(38)
calls=1 0 
0 4 1 1
0 2 0 1

fn=(44)
0 81 18 1 3 1 1 3 1 1

fn=(70)
0 79 23 4 9 4 0 2 2

fn=(84) do_preload
0 42 6 22 3 1 0 2 1
cfn=(88) _dl_catch_error
calls=2 0 
0 14879 3097 1247 200 75 47 139 64 45
0 6 2 0 1 1
0 15 10 0 4 2
cfn=(56)
calls=1 0 
0 106019 29674 13229 394 1431 151 256 743 59
0 2 0 0 1

fn=(148) openaux
0 45 18 12 2 0 0 1
cfn=(100)
calls=3 0 
0 13984 3134 1522 134 61 24 53 38 24
0 17 9 6 0 1

fn=(168) _dl_check_all_versions
0 16 3 6 2 0 0 2
cfn=(170)
calls=1 0 
0 2706 919 296 20 35 11 19 24 9

fn=(190) check_match
0 2547 739 606 5 29 1 3 14
cfn=(40)
calls=27 0 
0 2034 678 0 0 31 0 0 18
0 2006 1332 0 10 25 0 4 7
cfn=(40)
calls=89 0 
0 5700 1900 0 0 17
0 178

fn=(2)
0 13 4 0 1 1 0 1
cfn=(206)
calls=1 0 
0 1928724187 177342264 1618713 223 10922905 17077 183 9596 13437
0 330 83 38 12 7 7 12 7 7
cfn=(4) _dl_setup_hash
calls=1 0 
0 23 8 8 3 1 0 3 1
0 17 6 5 1 0 0 1
cfn=(6)
calls=1 0 
0 147396 38086 15526 826 1616 245 608 905 151
0 772 210 56 9 35 1 9 35 1

fn=(16)
0 53 16 23 4 1 2 4 1 2
cfn=(18) _dl_next_ld_env_entry
calls=1 0 
0 63 20 1 2 0 0 2
0 4 2
cfn=(18)
calls=2 0 
0 277 91 1
0 153 31 0 5 2 0 5 2
cfn=(20)
calls=1 0 
0 97 33 9 3 1 2 3 1 2
0 12 2 1 1 0 0 1
cfn=(20)
calls=1 0 
0 18 11 9 1 1 0 1 1
0 7 1
cfn=(20)
calls=1 0 
0 62 23 9
0 17 2 3 3 1 0 3 1
cfn=(22) _dl_new_object
calls=1 0 
0 127799 34181 15356 774 1561 232 559 854 138
0 3 10 0 1 2

fn=(54) fillin_rpath
0 20 3 15 2 1 0 2 1
cfn=(56)
calls=1 0 
0 239 49 5 3 1 0 3 1
0 8 2 0 1 0 0 1
cfn=(58)
calls=1 0 
0 238 68 35 7 0 1 7 0 1
0 3
cfn=(13)
calls=1 0 
0 66 15
0 53 15 3 4 0 0 4
cfn=(52)
calls=1 0 
0 161 47 47 4 1 2 3 1 2
cfn=(30)
calls=1 0 
0 26 8 6
0 12 2 2 1 0 0 1
0 15 12 2 1 0 0 1

fn=(55)
0 2
cfn=(68)
calls=1 0 
0 25 22 9 1 1 0 1 1
0 3 1
0 96 9 23 3 0 0 2

fn=(60)
0 18 0 36 4 0 1 1 0 1
cfn=(62)
calls=6 0 
0 619 114 12 5 5 0 3 4
0 41 39 0 4 1 0 1 1
cfn=(132) is_dst
calls=1 0 
0 73 18 8 7 1 0 7 1
0 5 0 0 1 0 0 1
cfn=(132)
calls=1 0 
0 154 35 8 1 0 0 1
0 9
cfn=(62)
calls=1 0 
0 28 4
0 3 0 0 1

fn=(62)
0 725 130 12 5 5 0 3 4

fn=(82) dso_name_valid_for_suid
0 11 5 2 1 2 0 1 1

fn=(108)
0 21 3 3 3 0 0 1

fn=(112) lseek
0 748 170 102 4 0 4 2 0 4

fn=(122) mprotect
0 231 69 18 4 0 0 3
cfn=(120)
calls=3 0 
0 45 15 9
0 45 9 6 3 0 0 3
cfn=(80)
calls=3 0 
0 210 0 124 1 0 10 0 0 10
0 47 16 4 4 0 0 2
cfn=(120)
calls=1 0 
0 15 5 3
0 60 18 8 2 0 0 1

fn=(126) access
0 7 1 1 1 0 0 1

fn=(140) stpcpy
0 32 4 4 3 0 0 3

fn=(186)
0 17370 6088 3268 6 486 4 5 32 1
cfn=(102)
calls=55 0 
0 2028 676 220 1 37 1
0 9278 3316 598 6 29 83 6
cfn=(188) __aeabi_uidivmod
calls=112 0 
0 10716 336 336 17 0 1 7 0 1
0 5817 1459 1267 2 134 0 2 102
cfn=(190)
calls=101 0 
0 12465 4649 606 15 102 1 7 39
0 430 233 0 3 0 0 3

fn=(196)
0 67 19 15 4 4 0 4 2
cfn=(52)
calls=1 0 
0 33 11 11 0 1
0 5 2 0 1 0 0 1
cfn=(80)
calls=1 0 
0 58 0 22 0 0 2 0 0 2
0 12 14 1 1 0 0 1

fn=(324)
0 54 23 6 3 2 0 3 1

fn=(14)
0 16 8 4 2 1 0 2 1

fn=(48) _dl_important_hwcaps
0 3 0 1
cfn=(12)
calls=1 0 
0 1130 270 133 29 4 3 28 3 3
cfn=(30)
calls=2 0 
0 52 16 12
0 406 26 96 8 3 6 8 3 6
0 14 0 14 2 0 2 2 0 2
cfn=(50)
calls=1 0 
0 1870 358 293 29 5 4 28 5 4

fn=(49)
0 9 6
cfn=(53)
calls=3 0 
0 48 24 24
0 56 8 4 1 0 0 1
cfn=(53)
calls=4 0 
0 92 35 35 3 0 0 3
0 24 8 4
cfn=(53)
calls=4 0 
0 64 32 32
0 735 102 67 5 0 2 5 0 2

fn=(78) strcspn
0 14 2 5 2 1 1 2 1 1
cfn=(80)
calls=1 0 
0 49 0 16 2 0 2 2 0 2
0 5
cfn=(80)
calls=1 0 
0 49 0 16 0 0 1 0 0 1
0 4 0 0 1 0 0 1
cfn=(80)
calls=1 0 
0 49 0 16 0 0 1 0 0 1
0 4
cfn=(80)
calls=1 0 
0 49 0 16
0 175 103 3 2 0 0 2

fn=(80)
0 1325 0 610 3 0 36 2 0 36

fn=(96) __sigjmp_save
0 20 0 5 2 0 1

fn=(120)
0 150 50 30 2 0 0 2

fn=(128) _dl_sysdep_read_whole_file
0 12 0 8 2 0 0 1
cfn=(106)
calls=2 0 
0 40 8 8 2
0 14 0 0 2 0 0 1
cfn=(118)
calls=2 0 
0 18 2 2
0 16 2 2
cfn=(124) __GI___close_nocancel
calls=2 0 
0 14 2 2
0 18 8 4 2 0 0 1
cfn=(120)
calls=2 0 
0 30 10 6
0 4

fn=(154)
0 18 2 3 1 1 0 1
cfn=(104)
calls=1 0 
0 7316 1360 592 55 24 19 3 13 19
0 24 7 9 2 1 0 2 1
cfn=(50)
calls=1 0 
0 1380 279 83 22 21 0 14 19
0 5 1 0 1 0 0 1
cfn=(128)
calls=1 0 
0 83 16 16 3
0 10 2
cfn=(20)
calls=1 0 
0 90 31 9 2 2 0 0 1
0 17 2 2 3 1 0 3 1
cfn=(20)
calls=1 0 
0 57 19 9 9 1 0 3 1
0 2

fn=(166) version_check_doit
0 8 3 2 2 1 0 1
cfn=(168)
calls=1 0 
0 2722 922 302 22 35 11 21 24 9
0 3 4 2

fn=(178)
0 25 13 6 3 1 0 3 1
cfn=(176) __udivsi3
calls=1 0 
0 456 25 323 3 1 21 1 1 21
cfn=(30)
calls=1 0 
0 26 8 6
0 10 1 0 1 0 0 1

fn=(179) _dl_allocate_tls_storage'2
0 5 1
cfn=(80)
calls=1 0 
0 373 0 306 0 0 20 0 0 20
0 3 0 1
cfn=(180) allocate_dtv
calls=1 0 
0 64 24 16 3 1 1 1 1 1

fn=(188)
0 448 0 336 1 0 1 0 0 1
cfn=(176)
calls=112 0 
0 9820 0 0 15 0 0 6
0 448 336 0 1 0 0 1

fn=(208)
0 27 8 9 3 4 0 3
cob=(2)
cfi=(2)
cfn=(210)
calls=1 0 
0 40 22 2 7 4 0 4 2
0 9 1
cfn=(207)
calls=1 0 
0 488 208 76 29 30 5 22 10 3
0 5 1 1 1 0 0 1

fn=(209)
0 77 23 36 0 6
cob=(2)
cfi=(2)
cfn=(236)
calls=1 0 
0 40 22 2 5 4 0 3 2
cob=(4)
cfi=(4)
cfn=(220)
calls=1 0 
0 262 97 38 22 16 5 17 8 3
0 3 1
cfn=(209)
calls=1 0 
0 36 24 0 2 4 0 2
0 21 12 0 1 2 0 1
cfn=(209)
calls=3 0 
0 71 44 0 7 6 0 6 2
0 18 3 0 0 1
cob=(5)
cfi=(5)
cfn=(242) 0x000004cc
calls=1 0 
0 15 11 0 2 1 0 2 1
cob=(4)
cfi=(4)
cfn=(234)
calls=1 0 
0 20 11 0 2 3 0 2
cob=(3)
cfi=(3)
cfn=(216)
calls=1 0 
0 15 11 0 3 1 0 2 1
0 26 42
cfn=(207)
calls=2 0 
0 493 218 76 29 30 5 22 10 3
0 2

fn=(18)
0 340 111 2 2 0 0 2

fn=(26)
0 130 40 40 4 0 0 1
cfn=(30)
calls=10 0 
0 318 92 67 8 1 0 7 1
0 30 10

fn=(46)
0 3 1
cfn=(70)
calls=1 0 
0 27 7 4 3 2 0 2 2
0 89 30 15 6 4 1 6 4 1
cfn=(72)
calls=1 0 
0 7 3 0 1 1 0 1 1
0 17 6 3 1 0 0 1
cfn=(74)
calls=1 0 
0 1
0 15 5 0 2 0 0 2
cfn=(76) handle_ld_preload
calls=1 0 
0 123218 33244 14632 636 1517 205 426 812 111
0 12 4 10 2 1 0 2 1
cfn=(48)
calls=1 0 
0 3475 670 549 68 12 15 66 11 15

fn=(47)
0 7 0 0 1 0 0 1
cfn=(32)
calls=1 0 
0 45 10 9 3 0 0 3
0 134 15 0 1 0 0 1
cfn=(54)
calls=1 0 
0 841 221 115 23 3 3 22 3 3
cfn=(30)
calls=1 0 
0 26 8 6
0 18 4 3 1 0 0 1

fn=(58)
0 316 45 53 1 1 1 1 0 1
cfn=(132)
calls=1 0 
0 73 18 8 0 0 1 0 0 1
0 7 0 1 1 0 0 1
cfn=(140)
calls=1 0 
0 32 4 4 3 0 0 3
0 17 12 1 1 0 0 1
cfn=(132)
calls=1 0 
0 154 35 8
0 22 2 18 2 0 1 2 0 1
cfn=(60)
calls=3 0 
0 690 149 42 17 3 1 14 2 1
0 13 12 0 1 0 0 1
cfn=(64)
calls=2 0 
0 323 99 53 1 1 1 1 0 1
0 1
cfn=(12)
calls=1 0 
0 111 27
0 14 4 0 2 1 0 2
cfn=(136)
calls=1 0 
0 300 86 42 6 1 0 5 1

fn=(59)
0 4 6

fn=(94) __sigsetjmp
0 75 20 90 3 1 3 1 1 3
cfn=(96)
calls=5 0 
0 20 0 5 2 0 1

fn=(124)
0 35 5 5 2 0 0 1

fn=(156) _dl_cache_libcmp
0 793 120 20 4 11 0 4 11

fn=(158) _dl_next_tls_modid
0 12 6 3 2 2 1 2 1 1

fn=(164)
0 8 3 1 2 0 0 2
cfn=(172)
calls=1 0 
0 86648 24987 10976 169 1311 114 130 673 24
0 10 3 6 1 1 0 0 1
cfn=(166)
calls=1 0 
0 2733 929 306 24 36 11 22 24 9

fn=(176)
0 228 0 0 3 0 0 1
cfn=(177) __udivsi3'2
calls=114 0 
0 10059 25 323 17 1 21 8 1 21

fn=(177)
0 9614 0 0 14 0 0 7
cfn=(179)
calls=1 0 
0 445 25 323 3 1 21 1 1 21

fn=(194)
0 17 12 8 3 2 0 3

fn=(198)
0 1 0 0 1

fn=(254)
0 48 8 40 2 0 0 2
cfn=(256) _dl_fixup
calls=8 0 
0 9104 2639 1016 18 177 13 6 22 2
0 24 48

fn=(4)
0 115 40 40 10 8 0 3 8

fn=(22)
0 11 3 3 1 0 0 1
cfn=(34)
calls=1 0 
0 49 14 12 4 1 0 3
0 189 42 11 6 5 0 6 5
cfn=(40)
calls=1 0 
0 8 2 0 1 1 0 1 1
0 221 42 26 7 5 4 7 5 4
cfn=(4)
calls=1 0 
0 23 8 8 0 2 0 0 2
0 89 30 14 9 3 0 9 3
cfn=(42)
calls=1 0 
0 126974 33997 15224 727 1540 222 514 834 128
0 15 0 11 3 0 0 3
cfn=(12)
calls=1 0 
0 8 1 0 0 1 0 0 1
0 17 4 1 1 1 0 1 1
cfn=(32)
calls=1 0 
0 127 21 31 8 1 4 8 1 4
cfn=(26)
calls=1 0 
0 52 15 11 5 1 0 4 1
0 16 2 4 2 0 2 2 0 2

fn=(23)
0 790 208 90 18 1 2 9 0 2
cfn=(158)
calls=1 0 
0 12 6 3 2 2 1 2 1 1
0 113 39 19 8 0 0 3
cfn=(120)
calls=3 0 
0 45 15 9
0 60 15 9 5 0 0 2
cfn=(122)
calls=3 0 
0 613 117 167 14 0 10 9 0 10
0 832 187 95 17 15 9 11 15 9
cfn=(124)
calls=1 0 
0 7 1 1
0 8 2 0 1 0 0 1
cfn=(124)
calls=2 0 
0 14 2 2 2 0 0 1
0 48 15 3 1 0 0 1
cfn=(4)
calls=3 0 
0 69 24 24 7 5 0 0 5
0 78 33 12 2 0 0 2
cfn=(34)
calls=3 0 
0 177 51 39 0 1
0 64 7 34 2 1 0 2 1
cfn=(12)
calls=3 0 
0 262 62
0 51 12 3
cfn=(32)
calls=3 0 
0 1172 329 170 12 3 13 1 3 13
cfn=(26)
calls=3 0 
0 174 49 36 7 0 0 4
0 48 6 12 0 0 6 0 0 6
0 282 38 60 12 4 8 5 4 8
cfn=(12)
calls=3 0 
0 309 73
0 340 94 6 4 0 0 1
cfn=(52)
calls=3 0 
0 443 149 70 2 0 3 0 0 3
cfn=(30)
calls=3 0 
0 78 24 18
0 27 3 0 2 0 0 1

fn=(56)
0 8 1 0 3 0 0 3
cfn=(144) munmap
calls=1 0 
0 106003 29667 13225 391 1431 151 253 743 59
0 39 26 17 2 1 0 2 1
cfn=(57) strsep'2
calls=2 0 
0 1616 317 2 2 0 0 1

fn=(57)
0 1616 317 2 2 0 0 1

fn=(144)
0 14 3 1 1 0 0 1
cfn=(146)
calls=1 0 
0 105962 29661 13221 388 1431 151 250 743 59
0 27 3 3 2 0 0 2

fn=(145) munmap'2
0 9 3 2 2

fn=(180)
0 9 2 4 2 1 0 1 1
cfn=(26)
calls=1 0 
0 42 13 10
0 9 5 2 0 0 1 0 0 1
0 4 4 0 1

fn=(8)
0 18289 3517 62 7 33 1 7 33 1

fn=(38)
0 20 5 5 1 1
cob=(4)
cfi=(4)
cfn=(319)
calls=1 0 
0 3 9

fn=(50)
0 557 80 86 7 1 0 7 1
cfn=(12)
calls=2 0 
0 48 9 0 0 2 0 0 2
0 105 19 14 5 0 0 5
cfn=(52)
calls=1 0 
0 1044 223 174 9 1 3 9 1 3
cfn=(30)
calls=1 0 
0 26 8 6 0 0 1 0 0 1
0 28 6 8 1 0 0 1
0 174 25 5 6 8 0 6 8
cfn=(156)
calls=8 0 
0 647 98 16 4 10 0 4 10
0 32 2 0 1 0 0 1
cfn=(156)
calls=1 0 
0 81 12 2 0 1 0 0 1
0 38 7 4 2 0 0 2
cfn=(156)
calls=1 0 
0 65 10 2
0 47 18 3 4 0 0 4
cfn=(12)
calls=1 0 
0 83 19
0 8
cfn=(32)
calls=1 0 
0 34 18 18
0 1
cfn=(64)
calls=1 0 
0 174 54 28 4 1
0 65 30 9 7 4 0 1 1
cob=(4)
cfi=(4)
cfn=(317)
calls=1 0 
0 367 130 41 3 16 1 3 1
0 21 8 5 5 0 0 3

fn=(51)
0 236 76 38 0 10
cob=(4)
cfi=(4)
cfn=(317)
calls=1 0 
0 15 10 1 0 1 1 0 1
cob=(4)
cfi=(4)
cfn=(317)
calls=1 0 
0 50 22 5 0 2 1 0 1
cob=(4)
cfi=(4)
cfn=(317)
calls=1 0 
0 85 34 9 1 2 1 1 1
cob=(4)
cfi=(4)
cfn=(317)
calls=1 0 
0 120 46 13 1 3 1 1 1
cob=(4)
cfi=(4)
cfn=(317)
calls=1 0 
0 155 58 17 1 4 1 1 1
cob=(4)
cfi=(4)
cfn=(317)
calls=1 0 
0 226 82 25 2 5 1 2 1
cob=(4)
cfi=(4)
cfn=(317)
calls=1 0 
0 261 94 29 2 7 1 2 1
cob=(4)
cfi=(4)
cfn=(317)
calls=1 0 
0 332 118 37 3 13 1 3 1
0 22 10
cob=(4)
cfi=(4)
cfn=(317)
calls=1 0 
0 190 70 21 2 5 1 2 1
cob=(4)
cfi=(4)
cfn=(317)
calls=1 0 
0 296 106 33 3 11 1 3 1
0 14 4 2

fn=(92)
0 25 5 2 2 0 0 1
cfn=(32)
calls=1 0 
0 2513 656 339 25 16 2 15 4 2
cfn=(30)
calls=1 0 
0 26 8 6
0 13 1 1 1 0 0 1
0 227 37 7 5 4 0 3
cfn=(160)
calls=1 0 
0 17 5 4 2 0 0 2
0 62 10 28 4 1 2 4 0 2
cfn=(94)
calls=3 0 
0 57 12 57 4 1 4 1 1 3
0 15 6
cfn=(148)
calls=1 0 
0 13351 2934 1480 133 58 24 54 38 24
cfn=(98)
calls=2 0 
0 14739 3047 1177 190 73 41 133 63 40
0 20 14 6 1 0 0 1

fn=(93)
0 32 4 18
cfn=(94)
calls=2 0 
0 38 8 38 1
0 10 4
cfn=(148)
calls=2 0 
0 695 227 60 3 4
0 22 10 8

fn=(110)
0 289 51 204 4 0 1 2 0 1
cfn=(112)
calls=17 0 
0 374 85 51 4 0 2 2 0 2
0 68
cfn=(114) read
calls=17 0 
0 119 17 17 3 0 0 1
0 3273 538 34 6 37 1 2 30 1
cfn=(112)
calls=17 0 
0 374 85 51 0 0 2 0 0 2
0 68 17
cfn=(114)
calls=17 0 
0 119 17 17
0 442 119 68 2 0 0 2
cfn=(40)
calls=17 0 
0 612 204 0 1 3 0 1 1
0 85 0 17 3 0 0 1
cfn=(12)
calls=17 0 
0 510 102
0 3501 261 0 5 0 0 2
cfn=(12)
calls=17 0 
0 238 34
0 2707 397 17 4 0 0 2

fn=(130) memchr
0 163 16 4 4 2 0 4 1
cfn=(131) memchr'2
calls=1 0 
0 16 5

fn=(131)
0 9 5
cfn=(131)
calls=1 0 
0 6 4
0 7

fn=(162)
0 2 0 0 1 0 0 1
cfn=(163) _dl_sort_maps'2
calls=1 0 
0 351 70 45 6 0 0 5

fn=(163)
0 20 0 14 1 0 0 1
cfn=(80)
calls=1 0 
0 31 0 2
0 180 52 14 2 0 0 2
cfn=(80)
calls=3 0 
0 57 0 12
0 63 18 3 3 0 0 2

fn=(174)
0 41 8 13 5 1 0 4 1
cfn=(176)
calls=1 0 
0 11 0 0 2 0 0 2
0 27 14 4 2 0 0 2
cfn=(173)
calls=1 0 
0 518 47 335 7 2 21 5 2 21

fn=(192)
0 65 25 0 1 1 0 1 1
cfn=(193) _dl_protect_relro'2
calls=5 0 
0 80 60 15 1 1 0 1

fn=(193)
0 30 0 10 1 0 0 1
cfn=(122)
calls=5 0 
0 40 15 5
0 10 45 0 0 1

fn=(200)
0 7 2 2 1 2 0 0 1
cfn=(201) _dl_unload_cache'2
calls=1 0 
0 13 13 2 2 1

fn=(201)
0 4 10 0 0 1
cfn=(145)
calls=1 0 
0 9 3 2 2

fn=(258) __aeabi_read_tp
0 16 0 0 2
cob=(2)
cfi=(2)
cfn=(232)
calls=8 0 
0 16

fn=(10)
0 14 2 2 2 1 1 2 1 1

fn=(76)
0 18 4 9 2 1 0 2
cfn=(78)
calls=1 0 
0 398 105 72 7 1 5 7 1 5
0 11 1
cfn=(82)
calls=1 0 
0 11 5 2 1 2 0 1 1
0 6
cfn=(84)
calls=1 0 
0 6433 1361 568 132 45 22 118 37 22
0 5 0 0 1 0 0 1
cfn=(32)
calls=1 0 
0 73 21 20 3 0 1 3 0 1
0 8 1 1
cfn=(126)
calls=1 0 
0 7 1 1 1 0 0 1
0 6 1 0 2 0 0 2
cfn=(128)
calls=1 0 
0 83 16 16 5 0 0 3
0 14 1 1 0 0 1 0 0 1
cfn=(130)
calls=1 0 
0 179 21 4 4 2 0 4 1
0 36 5 3 4 1 0 4 1
cfn=(56)
calls=1 0 
0 1393 272 5 1
0 5 1 0 1
cfn=(84)
calls=1 0 
0 114530 31428 13930 471 1465 176 279 771 82
0 2 0 0 1 0 0 1

fn=(88)
0 34 18 8 3 0 0 2
cfn=(92)
calls=2 0 
0 14839 3077 1239 196 75 47 137 64 45
0 6 2 0 1

fn=(102)
0 420 84 336 1 7 2 1 0 1
cfn=(40)
calls=84 0 
0 738 190 0 0 25
0 945 259 0 5 9 0 1
cfn=(40)
calls=90 0 
0 1232 354 0 1
0 348 336

fn=(106)
0 516 100 100 7 1 2 2 1 2

fn=(114)
0 238 34 34 3 0 0 1

fn=(132)
0 20 0 16 2 0 0 2
cfn=(12)
calls=4 0 
0 152 32 0 0 1 0 0 1
0 42 12 0 1 0 0 1
cfn=(134)
calls=4 0 
0 220 52 16 4 0 1 4 0 1
0 20 10 0 1 0 0 1

fn=(256)
0 296 120 64 4 34 0 3 1
cfn=(258)
calls=8 0 
0 32 0 0 2
0 136 24 32 1 6 2 1 1
cfn=(184)
calls=8 0 
0 8408 2367 912 7 134 11 0 19 2
0 232 128 8 4 3 0 2 1

ob=(5)
fl=(5)
fn=(238)
0 6 3 0 2 2 0 1 1
cob=(2)
cfi=(2)
cfn=(240)
calls=1 0 
0 1 2

fn=(242)
0 11 3 0 1 1 0 1 1
cob=(1)
cfi=(1)
cfn=(209)
calls=1 0 
0 3 8
0 1 0 0 1 0 0 1

totals: 1928872742 177380663 1634346 1076 10924566 17330 818 10545 13596
